0.312243	0.58034	0	0	1477010443000000
0.779913	0.722413	6.65259	1.97674	1477010443050000
1.19545	0.535063	10.3167	-0.0105177	1477010443100000
1.03211	0.563929	4.61321	2.6006	1477010443150000
1.35877	0.703667	4.975	2.20633	1477010443200000
1.71966	0.648446	5.39616	1.08095	1477010443250000
2.03462	0.698956	5.51682	0.946256	1477010443300000
2.27665	0.698632	5.29901	0.729449	1477010443350000
2.56596	0.724785	5.35238	0.647881	1477010443400000
2.8481	0.709108	5.33672	0.419564	1477010443450000
3.09645	0.716524	5.30674	0.385493	1477010443500000
3.39229	0.644275	5.33376	0.00783763	1477010443550000
3.70716	0.578325	5.43076	-0.26584	1477010443600000
3.98896	0.594126	5.47848	-0.161551	1477010443650000
4.27109	0.583745	5.49282	-0.172863	1477010443700000
4.5282	0.601625	5.34028	-0.0921347	1477010443750000
4.71591	0.675072	5.19702	0.191231	1477010443800000
4.96798	0.671294	5.04539	0.130769	1477010443850000
5.27045	0.666184	5.13521	0.0820324	1477010443900000
5.53204	0.67154	5.27133	0.0994464	1477010443950000
5.83254	0.682266	5.33644	0.110531	1477010444000000
6.07232	0.624862	5.13026	-0.097992	1477010444050000
6.32649	0.71538	5.11591	0.194783	1477010444100000
6.57681	0.744203	5.06476	0.249697	1477010444150000
6.82284	0.744436	5.05309	0.214011	1477010444200000
7.06415	0.730171	4.8782	0.12461	1477010444250000
7.27681	0.808519	4.81424	0.342227	1477010444300000
7.57715	0.822484	5.15903	0.350038	1477010444350000
7.83225	0.801356	5.15813	0.237829	1477010444400000
8.08009	0.818376	4.97765	0.238273	1477010444450000
8.3156	0.834994	4.95297	0.253549	1477010444500000
8.58966	0.92518	5.23507	0.498549	1477010444550000
8.83257	0.985378	5.19765	0.601561	1477010444600000
9.12498	1.02382	5.2447	0.620209	1477010444650000
9.36589	1.05535	5.20593	0.624352	1477010444700000
9.64723	1.12928	5.25582	0.745225	1477010444750000
9.9269	1.26203	5.2754	1.01115	1477010444800000
10.1723	1.34414	5.01771	1.07333	1477010444850000
10.3932	1.4237	4.95965	1.14951	1477010444900000
10.6232	1.49403	4.72569	1.15921	1477010444950000
10.841	1.51955	4.69687	1.07223	1477010445000000
11.1124	1.56198	4.88905	1.05382	1477010445050000
11.3948	1.60813	4.95939	1.03039	1477010445100000
11.6263	1.64921	4.86316	0.993818	1477010445150000
11.853	1.71884	4.83032	1.05068	1477010445200000
12.1137	1.80258	4.99073	1.15404	1477010445250000
12.3589	1.83318	4.98675	1.08066	1477010445300000
12.6185	1.8819	5.09365	1.07794	1477010445350000
12.819	2.03381	4.98023	1.35171	1477010445400000
13.0899	2.14095	5.12905	1.47647	1477010445450000
13.2968	2.29544	5.02548	1.70186	1477010445500000
13.4717	2.42145	4.61151	1.7769	1477010445550000
13.7205	2.54837	4.63803	1.87673	1477010445600000
13.9416	2.6467	4.58113	1.88359	1477010445650000
14.1694	2.81494	4.5643	2.08247	1477010445700000
14.423	2.92158	4.73886	2.11207	1477010445750000
14.6314	2.99059	4.69396	2.01926	1477010445800000
14.8655	3.13917	4.73838	2.16036	1477010445850000
15.0776	3.34855	4.6712	2.43489	1477010445900000
15.2903	3.4953	4.46156	2.46692	1477010445950000
15.5049	3.69765	4.42786	2.67816	1477010446000000
15.7189	3.80916	4.36549	2.60561	1477010446050000
15.9409	3.96052	4.36739	2.66055	1477010446100000
16.1413	4.09001	4.15297	2.60678	1477010446150000
16.3334	4.30595	4.10266	2.83538	1477010446200000
16.549	4.4497	4.12795	2.84016	1477010446250000
16.7239	4.63127	4.05859	2.95054	1477010446300000
16.8852	4.77533	3.68425	2.86305	1477010446350000
17.0383	5.03284	3.59492	3.16884	1477010446400000
17.2166	5.16762	3.55428	3.0924	1477010446450000
17.368	5.37136	3.49074	3.22618	1477010446500000
17.5342	5.49819	3.40002	3.10924	1477010446550000
17.721	5.63739	3.43654	3.06318	1477010446600000
17.8763	5.79302	3.2741	3.03	1477010446650000
18.0402	6.02235	3.25112	3.23162	1477010446700000
18.1993	6.2038	3.22177	3.27875	1477010446750000
18.3123	6.48712	3.09375	3.59856	1477010446800000
18.4527	6.67218	2.97101	3.5805	1477010446850000
18.597	6.82205	2.97232	3.5067	1477010446900000
18.7541	7.0081	3.0187	3.54534	1477010446950000
18.9508	7.16595	3.11286	3.48382	1477010447000000
19.0517	7.32431	2.78808	3.36875	1477010447050000
19.1267	7.64476	2.61353	3.77401	1477010447100000
19.256	7.82717	2.59334	3.74981	1477010447150000
19.3266	8.07721	2.45746	3.92479	1477010447200000
19.4313	8.26782	2.42319	3.91533	1477010447250000
19.5252	8.42481	2.38419	3.82498	1477010447300000
19.6283	8.59919	2.2416	3.73347	1477010447350000
19.784	8.80018	2.32141	3.75705	1477010447400000
19.8703	8.98881	2.10995	3.69708	1477010447450000
19.9867	9.25945	2.09964	3.90958	1477010447500000
20.0468	9.44354	1.81269	3.7961	1477010447550000
20.116	9.72942	1.73407	4.04299	1477010447600000
20.1788	9.97366	1.68203	4.16329	1477010447650000
20.2153	10.2923	1.54494	4.45276	1477010447700000
20.2423	10.4975	1.23881	4.31152	1477010447750000
20.2892	10.8105	1.16947	4.55694	1477010447800000
20.3167	11.0629	1.0362	4.59459	1477010447850000
20.3517	11.3171	0.992013	4.66018	1477010447900000
20.3157	11.524	0.482818	4.42145	1477010447950000
20.3799	11.784	0.547429	4.50323	1477010448000000
20.402	12.0137	0.624311	4.571	1477010448050000
20.3823	12.3395	0.478592	4.82405	1477010448100000
20.3498	12.5387	0.0702286	4.54224	1477010448150000
20.3727	12.7924	0.0983808	4.59976	1477010448200000
20.3738	12.9917	-0.0236085	4.44145	1477010448250000
20.3361	13.2185	-0.101235	4.46544	1477010448300000
20.3049	13.4311	-0.222161	4.40031	1477010448350000
20.2744	13.7255	-0.295944	4.58466	1477010448400000
20.2336	13.9202	-0.522724	4.37683	1477010448450000
20.1644	14.2126	-0.64647	4.56644	1477010448500000
20.0995	14.4195	-0.825028	4.43828	1477010448550000
19.9753	14.7151	-1.03407	4.64124	1477010448600000
19.9121	14.9131	-1.11073	4.51119	1477010448650000
19.8898	15.1404	-1.04088	4.50354	1477010448700000
19.7869	15.3071	-1.56158	4.03273	1477010448750000
19.7554	15.4988	-1.45735	3.99284	1477010448800000
19.6769	15.6753	-1.51809	3.89139	1477010448850000
19.5519	15.9276	-1.6509	4.04278	1477010448900000
19.4541	16.1189	-1.70255	4.0032	1477010448950000
19.3403	16.3204	-1.76513	4.0167	1477010449000000
19.2342	16.4925	-1.94929	3.81589	1477010449050000
19.0825	16.7456	-2.0972	3.97799	1477010449100000
18.9411	16.9146	-2.49392	3.61829	1477010449150000
18.7273	17.2041	-2.742	3.89703	1477010449200000
18.607	17.4091	-2.5967	4.02298	1477010449250000
18.3807	17.6389	-2.82449	4.12262	1477010449300000
18.2306	17.8257	-2.88367	4.03279	1477010449350000
18.1187	18.0178	-2.80667	3.99981	1477010449400000
17.9495	18.1546	-3.09414	3.60283	1477010449450000
17.8395	18.2895	-2.9714	3.48679	1477010449500000
17.713	18.4525	-3.0034	3.35798	1477010449550000
17.5009	18.6647	-3.16491	3.47785	1477010449600000
17.3278	18.7884	-3.34199	3.18342	1477010449650000
17.1726	18.9293	-3.30586	3.13907	1477010449700000
17.0033	19.0909	-3.40074	3.05453	1477010449750000
16.7784	19.224	-3.51651	3.03143	1477010449800000
16.5839	19.3716	-3.69683	2.86265	1477010449850000
16.3367	19.561	-3.86279	2.98451	1477010449900000
16.1181	19.6309	-4.04662	2.61524	1477010449950000
15.9056	19.7884	-4.08321	2.67592	1477010450000000
15.7096	19.9051	-4.05179	2.64074	1477010450050000
15.4669	20.0824	-4.16766	2.75065	1477010450100000
15.2356	20.2271	-4.32841	2.63299	1477010450150000
15.068	20.3574	-4.21264	2.61351	1477010450200000
14.8319	20.434	-4.39411	2.29849	1477010450250000
14.6229	20.5572	-4.37261	2.31217	1477010450300000
14.3759	20.6431	-4.57577	2.03817	1477010450350000
14.1331	20.7195	-4.59716	1.98985	1477010450400000
13.8879	20.7883	-4.74527	1.73603	1477010450450000
13.6069	20.8603	-4.84366	1.71965	1477010450500000
13.3544	20.8876	-5.01125	1.32447	1477010450550000
13.1184	20.9251	-4.96301	1.26137	1477010450600000
12.8761	20.981	-5.01031	1.13469	1477010450650000
12.7073	21.0164	-4.80194	1.06655	1477010450700000
12.4374	21.0573	-4.96717	0.880675	1477010450750000
12.194	21.1015	-4.95498	0.879411	1477010450800000
11.9471	21.1172	-5.04676	0.625967	1477010450850000
11.7188	21.0886	-4.96158	0.498837	1477010450900000
11.4596	21.0721	-5.05457	0.259209	1477010450950000
11.2631	21.0662	-4.90757	0.205639	1477010451000000
10.9915	21.0264	-5.03598	-0.0541048	1477010451050000
10.8022	20.9889	-4.86637	-0.140381	1477010451100000
10.5283	20.9891	-4.94686	-0.117187	1477010451150000
10.227	21.0385	-5.10401	0.00646886	1477010451200000
9.96656	21.0198	-5.19367	-0.21526	1477010451250000
9.81359	20.9768	-4.91308	-0.30563	1477010451300000
9.56348	20.9643	-4.93094	-0.311255	1477010451350000
9.40387	20.9147	-4.69864	-0.399116	1477010451400000
9.17363	20.8682	-4.76717	-0.668049	1477010451450000
8.85169	20.8521	-4.98505	-0.614188	1477010451500000
8.62684	20.7696	-4.97491	-0.904722	1477010451550000
8.34068	20.6905	-5.05749	-0.961292	1477010451600000
8.0878	20.6121	-5.10848	-1.18624	1477010451650000
7.86032	20.529	-5.02855	-1.23777	1477010451700000
7.62327	20.4447	-5.06275	-1.509	1477010451750000
7.29758	20.3877	-5.25533	-1.45902	1477010451800000
7.03378	20.2945	-5.27732	-1.57774	1477010451850000
6.78913	20.2069	-5.22485	-1.59776	1477010451900000
6.53733	20.1168	-5.22287	-1.70483	1477010451950000
6.32012	20.0208	-5.10558	-1.73254	1477010452000000
6.08224	19.9275	-5.09767	-1.88837	1477010452050000
5.84039	19.8305	-5.06298	-1.89519	1477010452100000
5.57331	19.6879	-5.14956	-2.22596	1477010452150000
5.45943	19.5545	-4.76822	-2.28764	1477010452200000
5.24124	19.4044	-4.73643	-2.48589	1477010452250000
5.05935	19.2989	-4.5982	-2.45852	1477010452300000
4.86416	19.1842	-4.51019	-2.4563	1477010452350000
4.74023	19.0346	-4.23638	-2.51897	1477010452400000
4.5075	18.8822	-4.33213	-2.77465	1477010452450000
4.35511	18.7503	-4.16537	-2.7699	1477010452500000
4.16562	18.6054	-4.11563	-2.79455	1477010452550000
4.07642	18.4544	-3.80575	-2.82858	1477010452600000
3.86669	18.2787	-3.92515	-3.26774	1477010452650000
3.58627	18.1332	-4.15164	-3.22552	1477010452700000
3.41332	17.9828	-4.04884	-3.13761	1477010452750000
3.18064	17.8165	-4.12673	-3.15242	1477010452800000
2.96287	17.6325	-4.18913	-3.44223	1477010452850000
2.81549	17.5128	-4.03525	-3.35059	1477010452900000
2.64111	17.2966	-3.98661	-3.70031	1477010452950000
2.48634	17.1038	-3.86633	-3.71667	1477010453000000
2.30341	16.9383	-3.82449	-3.5355	1477010453050000
2.16543	16.7695	-3.68375	-3.52292	1477010453100000
1.96243	16.5702	-3.73044	-3.56204	1477010453150000
1.82685	16.3426	-3.5855	-3.65312	1477010453200000
1.65212	16.1641	-3.5742	-3.64979	1477010453250000
1.46132	15.999	-3.6094	-3.61819	1477010453300000
1.30143	15.7641	-3.56432	-4.0057	1477010453350000
1.14882	15.541	-3.49222	-4.04671	1477010453400000
0.967038	15.3457	-3.51318	-4.04296	1477010453450000
0.766079	15.1222	-3.5786	-4.08207	1477010453500000
0.609213	14.9404	-3.51931	-3.97811	1477010453550000
0.551238	14.734	-3.20003	-3.98515	1477010453600000
0.414873	14.4879	-3.13356	-4.30526	1477010453650000
0.256425	14.2614	-3.13724	-4.32564	1477010453700000
0.0981452	14.0033	-3.13535	-4.66413	1477010453750000
0.140408	13.7582	-2.59525	-4.66967	1477010453800000
0.0157517	13.5115	-2.57885	-4.81817	1477010453850000
-0.142673	13.2726	-2.65903	-4.81693	1477010453900000
-0.278724	13.0533	-2.67299	-4.66334	1477010453950000
-0.236626	12.8422	-2.19658	-4.6061	1477010454000000
-0.374087	12.6129	-2.27611	-4.52003	1477010454050000
-0.483844	12.3832	-2.26487	-4.52627	1477010454100000
-0.623884	12.1699	-2.33845	-4.52221	1477010454150000
-0.679861	11.9615	-2.17276	-4.48276	1477010454200000
-0.826529	11.7251	-2.27369	-4.56169	1477010454250000
-1.02865	11.4767	-2.51513	-4.61106	1477010454300000
-1.13692	11.2481	-2.478	-4.51086	1477010454350000
-1.30909	11.0226	-2.60998	-4.52011	1477010454400000
-1.41225	10.7686	-2.49878	-4.80473	1477010454450000
-1.52582	10.5116	-2.46849	-4.8326	1477010454500000
-1.63769	10.2399	-2.4134	-5.02303	1477010454550000
-1.69915	10.0356	-2.24831	-4.92104	1477010454600000
-1.78888	9.80475	-2.19069	-4.85513	1477010454650000
-1.83395	9.59459	-2.01143	-4.77595	1477010454700000
-1.96315	9.33192	-2.06074	-4.97145	1477010454750000
-2.03596	9.0353	-1.9823	-5.05079	1477010454800000
-2.11477	8.8146	-1.94477	-4.89995	1477010454850000
-2.20145	8.56637	-1.91619	-4.90221	1477010454900000
-2.34404	8.30107	-2.037	-4.99643	1477010454950000
-2.36493	8.08168	-1.81073	-4.90707	1477010455000000
-2.412	7.87557	-1.67824	-4.83119	1477010455050000
-2.53031	7.62253	-1.77434	-4.86813	1477010455100000
-2.69591	7.37982	-2.03357	-4.77771	1477010455150000
-2.80264	7.12659	-2.05018	-4.80789	1477010455200000
-2.85877	6.89363	-1.8573	-4.91011	1477010455250000
-2.87545	6.70383	-1.63862	-4.75712	1477010455300000
-2.91423	6.4941	-1.56688	-4.56802	1477010455350000
-2.96877	6.26481	-1.50289	-4.55565	1477010455400000
-3.10022	6.005	-1.61771	-4.74212	1477010455450000
-3.19659	5.72047	-1.6726	-4.84887	1477010455500000
-3.3037	5.4697	-1.80374	-4.77957	1477010455550000
-3.41224	5.20207	-1.86097	-4.85347	1477010455600000
-3.47819	4.9557	-1.72344	-4.93122	1477010455650000
-3.60929	4.65975	-1.85522	-5.07653	1477010455700000
-3.71294	4.40444	-1.97192	-4.99115	1477010455750000
-3.86219	4.118	-2.11053	-5.121	1477010455800000
-3.93617	3.8823	-1.92758	-5.13282	1477010455850000
-3.99302	3.66446	-1.82073	-5.00033	1477010455900000
-4.07521	3.47932	-1.86004	-4.76386	1477010455950000
-4.16604	3.23685	-1.85635	-4.77298	1477010456000000
-4.28359	2.97598	-1.98109	-4.81461	1477010456050000
-4.38066	2.69187	-1.9888	-4.93028	1477010456100000
-4.46583	2.44446	-1.90564	-4.94615	1477010456150000
-4.57397	2.16844	-1.93858	-5.03929	1477010456200000
-4.67443	1.9468	-2.12796	-4.88541	1477010456250000
-4.79985	1.65669	-2.17058	-5.03719	1477010456300000
-4.92129	1.40601	-2.25805	-5.0278	1477010456350000
-4.97281	1.19508	-2.14013	-4.85954	1477010456400000
-5.0638	0.996561	-2.07023	-4.71838	1477010456450000
-5.11697	0.779917	-1.97772	-4.62763	1477010456500000
-5.21987	0.453192	-2.06723	-4.9207	1477010456550000
-5.29137	0.220292	-2.01086	-4.86364	1477010456600000
-5.40003	-0.0707356	-1.89549	-5.01293	1477010456650000
-5.46466	-0.29409	-1.849	-4.91678	1477010456700000
-5.58214	-0.456138	-2.01186	-4.67257	1477010456750000
-5.71615	-0.618803	-2.10426	-4.45973	1477010456800000
-5.83243	-0.845845	-2.35379	-4.51217	1477010456850000
-5.93231	-1.12903	-2.29457	-4.68658	1477010456900000
-6.02054	-1.41053	-2.21683	-4.82731	1477010456950000
-6.161	-1.60598	-2.29589	-4.69019	1477010457000000
-6.3026	-1.85563	-2.58518	-4.81201	1477010457050000
-6.41376	-2.11211	-2.54189	-4.85969	1477010457100000
-6.5662	-2.30313	-2.55371	-4.68013	1477010457150000
-6.71691	-2.50531	-2.61701	-4.58606	1477010457200000
-6.87325	-2.71831	-2.71537	-4.55136	1477010457250000
-6.96028	-3.00402	-2.58603	-4.72338	1477010457300000
-7.08715	-3.23029	-2.53742	-4.67262	1477010457350000
-7.20935	-3.41129	-2.55898	-4.52987	1477010457400000
-7.35178	-3.67648	-2.59307	-4.64564	1477010457450000
-7.51362	-3.78437	-2.73021	-4.30328	1477010457500000
-7.65734	-3.99928	-2.8266	-4.34455	1477010457550000
-7.80914	-4.23439	-2.83774	-4.38877	1477010457600000
-7.95641	-4.46277	-2.85167	-4.41529	1477010457650000
-8.11602	-4.70747	-2.87319	-4.4722	1477010457700000
-8.25171	-4.9112	-2.72175	-4.33326	1477010457750000
-8.37845	-5.1258	-2.70357	-4.33113	1477010457800000
-8.52475	-5.28656	-2.70267	-4.14831	1477010457850000
-8.71379	-5.47808	-2.82374	-4.08908	1477010457900000
-8.87036	-5.68267	-2.88964	-4.10568	1477010457950000
-9.02704	-5.86063	-2.92961	-4.03273	1477010458000000
-9.16381	-6.01322	-2.88345	-3.87776	1477010458050000
-9.34467	-6.09198	-3.02004	-3.57764	1477010458100000
-9.52065	-6.28219	-3.13729	-3.6434	1477010458150000
-9.65637	-6.49817	-3.07621	-3.73537	1477010458200000
-9.88109	-6.66554	-3.36878	-3.75067	1477010458250000
-10.0918	-6.82995	-3.46877	-3.67744	1477010458300000
-10.2729	-6.9993	-3.53256	-3.6658	1477010458350000
-10.511	-7.1843	-3.66038	-3.64611	1477010458400000
-10.7118	-7.33263	-3.71785	-3.55696	1477010458450000
-10.9672	-7.49547	-3.87066	-3.49289	1477010458500000
-11.1435	-7.64664	-3.76638	-3.38747	1477010458550000
-11.2904	-7.79805	-3.68805	-3.35997	1477010458600000
-11.4749	-7.93735	-3.69023	-3.28101	1477010458650000
-11.6575	-8.02874	-3.71936	-3.10494	1477010458700000
-11.8355	-8.15714	-3.61211	-2.97123	1477010458750000
-12.0563	-8.23042	-3.72972	-2.77218	1477010458800000
-12.284	-8.37007	-4.01825	-2.89506	1477010458850000
-12.4973	-8.44168	-4.07592	-2.71218	1477010458900000
-12.6851	-8.54597	-3.92223	-2.55194	1477010458950000
-12.9799	-8.62158	-4.14906	-2.38562	1477010459000000
-13.2264	-8.73395	-4.30585	-2.39965	1477010459050000
-13.4576	-8.77167	-4.37296	-2.19242	1477010459100000
-13.6486	-8.83801	-4.15279	-1.98098	1477010459150000
-13.8826	-8.94019	-4.20561	-1.97809	1477010459200000
-14.1345	-9.04305	-4.45681	-2.07596	1477010459250000
-14.3691	-9.15266	-4.47856	-2.08548	1477010459300000
-14.5772	-9.25102	-4.34599	-2.01342	1477010459350000
-14.8876	-9.2234	-4.58684	-1.66213	1477010459400000
-15.1332	-9.31959	-4.57469	-1.66358	1477010459450000
-15.4139	-9.42507	-4.67191	-1.69767	1477010459500000
-15.6299	-9.48926	-4.44655	-1.53551	1477010459550000
-15.9013	-9.55246	-4.55127	-1.48266	1477010459600000
-16.1321	-9.59237	-4.47396	-1.33913	1477010459650000
-16.4005	-9.5559	-4.60251	-1.06704	1477010459700000
-16.5917	-9.5915	-4.45128	-0.993928	1477010459750000
-16.9016	-9.53971	-4.66314	-0.709194	1477010459800000
-17.1414	-9.62207	-4.70733	-0.850448	1477010459850000
-17.4223	-9.61716	-4.81474	-0.715239	1477010459900000
-17.6604	-9.6376	-4.67691	-0.604149	1477010459950000
-17.9354	-9.576	-4.78974	-0.360227	1477010460000000
-18.157	-9.57297	-4.62208	-0.242554	1477010460050000
-18.3619	-9.60465	-4.5638	-0.301166	1477010460100000
-18.5824	-9.61935	-4.5922	-0.325275	1477010460150000
-18.8536	-9.57993	-4.69224	-0.170684	1477010460200000
-19.0673	-9.56785	-4.64595	-0.120725	1477010460250000
-19.3444	-9.40683	-4.78665	0.313996	1477010460300000
-19.5569	-9.36484	-4.55765	0.456537	1477010460350000
-19.838	-9.1997	-4.70411	0.833732	1477010460400000
-20.0652	-9.11368	-4.61682	0.981774	1477010460450000
-20.2208	-9.26754	-4.41374	0.441961	1477010460500000
-20.4429	-9.25874	-4.3932	0.416907	1477010460550000
-20.6905	-9.12171	-4.48024	0.720452	1477010460600000
-20.9191	-9.06889	-4.37499	0.815216	1477010460650000
-21.1298	-8.97392	-4.37422	0.949851	1477010460700000
-21.3484	-8.917	-4.25016	1.02533	1477010460750000
-21.549	-8.8729	-4.22537	1.00311	1477010460800000
-21.7194	-8.77566	-3.88972	1.21664	1477010460850000
-21.9385	-8.65641	-3.95184	1.37355	1477010460900000
-22.1398	-8.5675	-4.0108	1.40983	1477010460950000
-22.3986	-8.42407	-4.13984	1.61485	1477010461000000
-22.5729	-8.34206	-3.92837	1.66048	1477010461050000
-22.8558	-8.02318	-4.147	2.29218	1477010461100000
-23.0288	-7.91186	-3.78062	2.37074	1477010461150000
-23.283	-7.68852	-3.92512	2.66015	1477010461200000
-23.4781	-7.54352	-3.94136	2.68651	1477010461250000
-23.6539	-7.40014	-3.90328	2.70404	1477010461300000
-23.8362	-7.24797	-3.76728	2.77816	1477010461350000
-23.9989	-7.17313	-3.70811	2.6049	1477010461400000
-24.1547	-7.01474	-3.45051	2.72815	1477010461450000
-24.3426	-6.7122	-3.50754	3.16399	1477010461500000
-24.4962	-6.56528	-3.21886	3.18983	1477010461550000
-24.5924	-6.43925	-3.09373	3.08633	1477010461600000
-24.7208	-6.27601	-2.91852	3.1338	1477010461650000
-24.9266	-6.02585	-3.04261	3.39243	1477010461700000
-25.0467	-5.83636	-2.84993	3.46709	1477010461750000
-25.1911	-5.65521	-2.85431	3.48792	1477010461800000
-25.3341	-5.4805	-2.80204	3.49948	1477010461850000
-25.5006	-5.22104	-2.85995	3.72682	1477010461900000
-25.6177	-5.06248	-2.75357	3.65716	1477010461950000
-25.7443	-4.89029	-2.73225	3.62685	1477010462000000
-25.8543	-4.70181	-2.53181	3.66597	1477010462050000
-25.9861	-4.41985	-2.54978	3.92669	1477010462100000
-26.0867	-4.23062	-2.0857	3.9629	1477010462150000
-26.1919	-3.89374	-2.09697	4.32889	1477010462200000
-26.2581	-3.68337	-1.68292	4.3481	1477010462250000
-26.2922	-3.3895	-1.59547	4.54204	1477010462300000
-26.3338	-3.16122	-1.29259	4.56334	1477010462350000
-26.3631	-2.91731	-1.22896	4.59984	1477010462400000
-26.4114	-2.70274	-1.0863	4.56655	1477010462450000
-26.4939	-2.57583	-1.13611	4.30161	1477010462500000
-26.5397	-2.35008	-1.01721	4.33625	1477010462550000
-26.6026	-2.14795	-1.0389	4.29882	1477010462600000
-26.6232	-1.92214	-0.872336	4.33077	1477010462650000
-26.637	-1.63858	-0.818013	4.50506	1477010462700000
-26.6255	-1.43253	-0.406634	4.45973	1477010462750000
-26.639	-1.1831	-0.393806	4.52925	1477010462800000
-26.6599	-0.973074	-0.234847	4.48836	1477010462850000
-26.6828	-0.686464	-0.252584	4.65434	1477010462900000
-26.6635	-0.451887	0.113835	4.65753	1477010462950000
-26.6256	-0.106636	0.178329	4.95367	1477010463000000
-26.5982	0.134621	0.440428	4.93025	1477010463050000
-26.5825	0.459503	0.435209	5.13856	1477010463100000
-26.5588	0.707593	0.530652	5.11049	1477010463150000
-26.5632	1.00071	0.478686	5.21111	1477010463200000
-26.5099	1.28413	0.583948	5.26912	1477010463250000
-26.4692	1.49828	0.598699	5.13825	1477010463300000
-26.4199	1.7069	0.786742	4.99473	1477010463350000
-26.3803	1.89138	0.778319	4.82184	1477010463400000
-26.3041	2.11787	1.10288	4.75783	1477010463450000
-26.2531	2.28718	1.0853	4.57617	1477010463500000
-26.1814	2.50847	1.19467	4.54758	1477010463550000
-26.1103	2.76589	1.21989	4.6273	1477010463600000
-26.0102	2.9837	1.64754	4.54543	1477010463650000
-25.906	3.29733	1.70188	4.77441	1477010463700000
-25.8147	3.53351	1.87126	4.74357	1477010463750000
-25.7169	3.71869	1.86915	4.60664	1477010463800000
-25.5934	3.92421	2.10065	4.5115	1477010463850000
-25.538	4.07996	1.99557	4.32428	1477010463900000
-25.4085	4.27712	2.21644	4.2445	1477010463950000
-25.2493	4.51658	2.31079	4.31996	1477010464000000
-25.0883	4.71792	2.43885	4.27553	1477010464050000
-24.9805	4.91003	2.40795	4.21735	1477010464100000
-24.8146	5.10643	2.65469	4.14708	1477010464150000
-24.6493	5.33816	2.72066	4.21441	1477010464200000
-24.4687	5.52526	3.083	4.08794	1477010464250000
-24.2864	5.69457	3.12592	3.99973	1477010464300000
-24.1141	5.85923	3.35946	3.85283	1477010464350000
-23.947	6.01183	3.34685	3.74838	1477010464400000
-23.7892	6.21158	3.20411	3.81501	1477010464450000
-23.6391	6.35836	3.1728	3.69917	1477010464500000
-23.4789	6.53858	3.26847	3.65918	1477010464550000
-23.2512	6.79523	3.4103	3.86051	1477010464600000
-23.0436	6.94689	3.60221	3.71526	1477010464650000
-22.8382	7.1176	3.64498	3.68075	1477010464700000
-22.6124	7.27066	3.94033	3.53254	1477010464750000
-22.4422	7.39075	3.87096	3.38198	1477010464800000
-22.1977	7.54225	4.28763	3.23047	1477010464850000
-22.0238	7.6843	4.20425	3.17251	1477010464900000
-21.8223	7.87728	4.14165	3.28189	1477010464950000
-21.6294	8.00122	4.10064	3.17618	1477010465000000
-21.4276	8.14537	4.18222	3.10023	1477010465050000
-21.2313	8.13916	4.09945	2.6865	1477010465100000
-21.0252	8.30509	4.0329	2.80143	1477010465150000
-20.8629	8.44941	3.95883	2.80335	1477010465200000
-20.6018	8.58463	4.36504	2.68275	1477010465250000
-20.3516	8.72321	4.42847	2.70157	1477010465300000
-20.1412	8.86353	4.35636	2.73624	1477010465350000
-19.9637	8.93997	4.25415	2.57401	1477010465400000
-19.756	9.06098	4.2443	2.55148	1477010465450000
-19.5526	9.11509	4.19765	2.36478	1477010465500000
-19.2937	9.24257	4.48114	2.31175	1477010465550000
-19.0039	9.33684	4.6017	2.27603	1477010465600000
-18.7782	9.42862	4.68846	2.16425	1477010465650000
-18.5251	9.52473	4.7204	2.13934	1477010465700000
-18.2452	9.57461	5.04207	1.86768	1477010465750000
-17.9401	9.70944	5.16591	1.98552	1477010465800000
-17.6761	9.82233	5.0925	2.07378	1477010465850000
-17.409	9.91875	5.11452	2.05965	1477010465900000
-17.142	10.0172	5.23175	1.99351	1477010465950000
-16.879	10.1255	5.23843	2.01499	1477010466000000
-16.6057	10.2124	5.33389	1.93423	1477010466050000
-16.3794	10.2903	5.24199	1.87593	1477010466100000
-16.1036	10.378	5.37329	1.79475	1477010466150000
-15.9058	10.3575	5.1734	1.50659	1477010466200000
-15.6475	10.4297	5.19158	1.48447	1477010466250000
-15.4658	10.3839	4.97112	1.17113	1477010466300000
-15.1465	10.4296	5.35418	0.993801	1477010466350000
-14.8935	10.4706	5.31925	0.96825	1477010466400000
-14.6482	10.5029	5.12557	1.02754	1477010466450000
-14.4333	10.4492	4.98611	0.763619	1477010466500000
-14.1624	10.479	5.10091	0.69551	1477010466550000
-13.834	10.6555	5.32707	1.05657	1477010466600000
-13.5681	10.7213	5.26837	1.13993	1477010466650000
-13.3433	10.7044	5.14745	0.953771	1477010466700000
-13.0663	10.7383	5.29136	0.836445	1477010466750000
-12.8162	10.8299	5.28597	0.946994	1477010466800000
-12.5359	10.8901	5.3523	0.960974	1477010466850000
-12.3331	10.8314	5.15355	0.693028	1477010466900000
-12.0693	10.869	5.16631	0.704337	1477010466950000
-11.8302	10.9305	5.13793	0.757695	1477010467000000
-11.5379	10.9594	5.2758	0.687828	1477010467050000
-11.3297	10.9584	5.13258	0.588182	1477010467100000
-11.0505	10.9066	5.46427	0.076597	1477010467150000
-10.754	10.8687	5.49422	-0.00883957	1477010467200000
-10.4907	10.8702	5.446	0.0162199	1477010467250000
-10.2736	10.8499	5.30885	-0.0503053	1477010467300000
-10.0219	10.9014	5.12388	0.271819	1477010467350000
-9.76447	10.9561	5.14906	0.363092	1477010467400000
-9.54092	10.9275	5.10388	0.174572	1477010467450000
-9.281	10.9588	5.12723	0.225468	1477010467500000
-9.03807	10.9328	5.09844	0.108851	1477010467550000
-8.77053	10.9702	5.14558	0.182094	1477010467600000
-8.53738	10.9196	5.09464	-0.00933631	1477010467650000
-8.41345	10.8207	4.72935	-0.26252	1477010467700000
-8.16108	10.8292	4.76408	-0.189205	1477010467750000
-7.77955	10.9042	5.15254	0.0386996	1477010467800000
-7.51129	10.9031	5.14932	0.0779045	1477010467850000
-7.23246	10.8959	5.19534	0.0613836	1477010467900000
-7.00234	10.919	5.06666	0.202462	1477010467950000
